p_values
0.112831510296043
7.35149538521975e-05
0.00626768078614489
0.0391769642059911
0.0181065618494853
0.74686466289195
0.436355199238557
0.405421865088911
0.0322643906093988
0.0479533011215629
0.000249177340997034
0.0293350280538285
0.318392492275805
0.40640954042236
0.338097258176033
0.709852538455636
0.00199637196328138
0.998764965001653
0.724838858087999
0.0135862625362972
0.00885981376838511
0.00529351343526646
0.0267099997540222
0.216225920452375
0.141816249969553
0.044671433196447
0.0178285426011836
0.000268168293320593
0.000181147297589999
0.90084191170345
0.0211516985380663
0.000419681387706765
0.00326688300829083
0.798344953277981
0.0127421529740087
0.270026890025433
0.00263602295256258
0.28750907364126
0.919291730124529
0.761144060656245
0.000333984933352238
0.000407068356105235
0.652369411010051
0.0431549383166418
6.01948557626374e-05
0.0733028877696947
4.47974941081885e-05
0.711340859090119
0.973649172366766
0.00105092851838256
0.0294043939307563
0.000157275473427202
0.000834785517450966
0.64231919130656
9.0300115882233e-05
0.032366404339178
0.487450972837187
0.29628847460226
0.092631662117858
1.9374034237313e-05
0.000375567347743511
0.00140880061756907
0.0713894926167101
0.0970836809410176
0.109475176463008
0.00374055610506565
0.408284866582751
0.560066215794786
0.00271048884311115
0.000487222456227704
0.0635557387015157
0.000125268829299376
0.319898178377765
0.986271231817914
0.273737676303089
0.0141295812814031
0.0599291147854403
0.0331975078172655
0.000723841522411315
0.377555925971911
0.0773650317126343
0.969937019000248
2.29985543889793e-05
0.396425809127789
0.000244967053809878
0.0136041343261787
0.00129180708909535
0.0378010631221527
0.178306729825349
0.199293106841341
0.480502757056681
0.456261564595105
0.180720682128844
0.150951400387574
0.243842581668595
0.00170382910063913
0.102064502733411
0.03062916523695
0.000310899971708866
0.0725437457551476
0.377737335596092
0.00310664620776129
0.928802380628906
6.72963833736343e-05
2.04086966987138e-06
0.884534726706634
0.0586719424208396
0.117053153428164
0.0102372548449109
0.645112706306712
0.33008595202322
0.921247357930108
0.776313309954931
0.224000009891576
2.33659119965308e-05
0.00274795199764623
0.348082930942527
0.137297376131278
0.571269329686242
0.296540330407645
0.634012838429991
0.0206241460740158
0.673752099665099
0.248019383819784
0.021038460437603
0.000128218846881783
0.192500031069468
0.898061790009835
0.0367028460506764
0.000240876338571233
3.48576256018173e-05
0.255674587543207
0.702020925146518
0.0113308249738579
0.637401694828335
0.0464788462691672
0.0220123974857076
0.000722791242082342
0.162535688341161
0.227897901775336
0.00615057765955335
0.0175703292251611
0.0352460964991958
0.051100895965211
0.000106667335922012
0.758641000636479
0.273652443535402
0.00074429336492525
0.0315285022721439
0.000463830616433512
4.77322532901664e-05
0.00471273451827334
0.06594198933986
0.839826422521981
3.15909254235641e-05
0.591546406142066
0.231526397143709
0.000151375793506061
0.815465074155741
0.201786744532383
0.0109071418493609
0.0128930884312806
0.00923585857546817
2.93222159494958e-06
0.00117804617326569
3.01603390217278e-07
0.0375060653115047
0.0181934541512046
0.0518380104917268
0.286998334214248
0.922031113908995
6.97562706115174e-07
0.00667660366873876
1.92676927530401e-06
0.140656433763171
0.937363952400638
0.325482115082004
0.485764469024777
1.82027168718985e-07
0.774332094221924
0.000993515479662844
0.026693346501005
0.206133451590878
1.02842036528924e-05
0.00323246500048359
1.60142708196529e-06
7.79560905610248e-06
0.000740460000501674
0.20463478297584
0.0442839543644826
0.694536393290033
0.282388767660849
0.00394997550724514
0.30952828080923
0.0377180646296678
0.0793559251759634
0.78570870563831
0.00017252841059652
0.020726362149312
0.0116247278911473
0.22117243876823
0.210253911283547
0.0172484639807629
0.0321260357608885
0.0720577110989037
0.495467822442048
0.401417132188571
0.615544428713805
0.0886664354414969
0.482811447509719
0.552684988088697
3.39393363769023e-05
0.075252889674315
0.0207583694740222
0.00895005260603457
0.0485026728171781
0.000923774343469411
0.00307191227399196
0.272342083647662
0.987547609321985
0.0598684851631899
0.601354973006727
0.931781643130485
0.265755635844638
0.458793823930903
2.61952364111402e-07
0.17685444147973
0.0038510309823228
0.00462045833202007
0.279101721678872
0.424332033763658
0.410176509434374
0.740557962072008
0.157720569506804
0.00633841307532133
0.0220511149751179
0.248192751133404
0.228448427273682
0.0275979700456564
0.677927956972448
0.0760687090443741
0.00175967825972405
0.050524239729666
0.763609823089384
0.0263752278343478
0.699955984032019
5.68380538450022e-06
0.000394700564990705
0.000125563127689311
0.169656096779581
0.692608944676692
0.701446335500075
0.0500308682211991
0.550630909145906
0.011910945603605
8.937395426929e-05
0.655995766297483
0.542457052961267
0.629455948675329
1.65819408873147e-06
0.025444517634512
0.00627287917677436
0.115466118888865
0.118347008688485
0.00015402578690261
0.103136019672138
0.12515544639249
0.48963131636033
0.000716543637291308
0.880972606935491
0.948242765575891
9.26718534816933e-07
0.107023664983785
0.43503883419037
0.00830909184121488
0.00169554310543776
0.000384434256449646
0.00021388737604819
0.000100588910459924
0.354356415505048
0.00295502338910036
0.457413045688804
0.24025796168409
3.1001286882456e-06
0.313573087843333
0.166331297151725
0.732501043174503
0.484225878038636
0.000783225709907553
2.19020350193989e-06
0.0016755567362516
0.00152008659621381
0.293025421015692
0.138002133947262
0.097083746481254
0.0652437144094828
0.000391461935363925
0.0802588512011091
0.831967787512424
0.00230606514628705
0.0986578350562539
3.55479316469606e-08
0.835362951950758
0.224565869952512
0.00941480347526438
0.0134854577574198
8.34788747442888e-05
0.539729698407425
0.00119458094357996
0.209799462712146
0.0579690966365974
0.262568060075903
0.0504414152567166
3.48351266618071e-05
0.21881483819838
0.129894976800644
0.106093936139858
0.0818227151395055
0.685875182925188
5.75784748942294e-06
0.407640525026031
0.000710279346101816
0.00147525226624179
0.0108587936494818
0.04398841017627
0.0750765461671576
0.000403470902376203
0.00997241973141561
0.0141167717640723
0.131885626874775
0.00149775136350426
0.743674216165769
0.00149697948870686
0.0313023709615575
0.936955192382251
0.00110112463838299
0.136748262424522
0.230088254781145
0.000225045206947654
0.0611642114217654
0.0803962275788057
0.0237190987969917
0.00738418259716814
0.000276448660857529
0.0503180709922644
0.862844651571054
0.0885527841416325
0.0470710801556909
0.00543192024508454
0.342795022278175
0.749241814392706
1.62223107907601e-09
0.714721981075301
0.00619563325616005
0.290093895930612
0.00252757515716958
0.992337774682418
0.0449973840758012
5.128989574964e-05
0.0864811112083119
0.95167406221107
0.0183890010613247
0.139877756976829
0.362789989802374
0.00420550823159331
0.00594419064876265
0.657817933190197
0.642407268626065
0.0211068924326569
0.00646188757394292
0.279291807486221
0.738182025494426
6.65466672064203e-07
7.07463857113054e-06
0.175782406175005
0.0077828400891488
0.238133585267786
0.103616826669965
0.146472241559239
0.604013592036646
0.0600808629681596
0.000439126485006835
0.00193665523605718
0.0318947219544655
0.608153581309678
0.268229409929312
0.016438116610222
0.13122975734914
0.000175638126725141
0.000964025752652306
0.0213371799743059
0.885470202305711
0.000709956847233901
0.603612542145936
0.354389198456262
0.000367149014399629
7.03132171529585e-05
0.174569543281403
0.0241198478450457
0.000794546604657444
0.579959398729263
0.0325847422935133
0.123129876206209
0.250559689279228
0.201043852852544
0.0350082023808753
0.821277670717261
0.0111147322163206
0.85548628574724
0.198530385097202
0.842263226429626
0.231354259422301
0.0140359141567368
0.953649737999243
3.61097025892981e-05
0.00424112745455831
0.95655108670521
0.094828838947782
0.266502809524617
0.0667189510778825
0.016372145519882
0.0113267598424088
0.0687251696420684
0.0399563606182185
0.0959603398189485
0.000729437477800251
0.184889661527925
0.60734714698126
0.510048450742478
0.528923525816226
0.133569460988446
0.443494698289405
0.226258024095672
0.0333776194153862
0.20291334415196
0.852168509398186
4.72624349617983e-09
0.0431564346417372
0.720387067193244
0.370796957675891
0.0792966159357996
0.23580279434103
0.0201430822780121
0.00586736446229121
0.775572800974888
0.228249676696415
0.00822353269270644
0.0440621602215801
0.0191792467631231
0.936030961640307
1.37475360150001e-05
0.042984614452473
2.49202060478358e-06
0.636334828262331
0.101728768240013
0.00073727289088218
0.596220731807748
0.970874196121499
0.00239039943926334
0.0272956688698165
0.0012753915549781
0.00016873634138801
0.49685903730203
0.782062522590002
0.43674182550724
0.528680071796837
5.17660288778513e-06
0.462185478900438
5.9209838397675e-05
0.721570224010853
0.898118405221825
3.3642266223138e-05
0.0352136835746394
0.0352693966728871
0.0821356269806124
0.213676521819178
0.399385177830457
0.643764646546415
0.115719812175366
0.976081491044914
0.486887167987502
0.0658776457278638
0.1453038590678
0.00109416668631916
0.254856842850222
0.401213677243045
0.17810010431199
6.29675975181718e-05
0.0309293586424236
0.273629774080085
0.000116059734391921
0.350994194196585
0.25400428381384
0.549500447504533
0.567445466105902
0.00608742558248428
0.00528849735092625
0.0076435890370453
0.735833687362647
0.00567520126007966
0.25539853999236
0.0914365860077501
0.417176246490576
0.230326257841485
0.0115093063813185
0.660721050974481
0.00115333763017658
0.760543246340522
0.377577453875307
0.899047970240598
0.0125741267572992
0.262781334848036
0.203349955024914
0.00852801491885621
0.0394025494540532
0.00411814273041963
0.0894733631568056
0.0140756359314719
0.0406760779269498
0.00258911941628419
0.177802740283354
0.00356705772393785
0.928125486787063
0.00393095972633109
0.121118460514802
0.662162675997308
0.000460803117109649
0.00485665785244251
0.98465807715202
0.0810006481679769
0.00619333290489653
0.0345038279827027
0.0118247468455437
0.412879959666721
0.000628468731073128
0.228144913361448
0.758877755288383
0.0037438577708499
0.00340891904130307
0.149843988350389
1.73336671408761e-05
0.474700061644136
1.30608941648304e-09
0.000485536693041646
0.0903189683438093
0.120424266608492
0.0394968166971174
0.00250637152623215
0.141518718448218
0.00122851991108626
0.235967274601013
0.00269950027071544
0.0280150885838178
0.0039754691971726
0.00378152692979381
0.97109979186374
0.446764860790458
0.0755645220905943
8.00368737304298e-06
0.871515222518806
0.0024814838196188
0.00143952899038752
0.721577128105234
0.0407466899230809
0.448881627486952
0.0755092526559484
0.408991736204589
0.00808470485302573
0.608600581822787
0.287759045080426
2.23542979221441e-05
0.000272074833490453
0.157850766525645
0.286274832270473
0.000292469577583575
0.700708891650028
0.828870023778947
0.182446148217481
0.825114017027553
0.0209603252248492
0.006781134526945
0.0315791950029903
0.108744513269408
0.00529313172696845
0.194911994963427
0.419906340849594
0.0399211555897117
0.406501307056544
0.101247411939401
0.118592555969569
0.000524029905094474
0.289071214205582
0.210604378608783
0.296551409427436
0.265235864061337
7.08338701609531e-06
0.886132568830627
6.61120152925664e-06
0.113550663470308
0.375474616030307
0.98214364611446
0.134742805795026
0.00594250174578663
0.475608425631516
0.09064204320581
0.13583058174674
0.89747452802281
0.0430317876957003
4.11762403749658e-05
0.0212107860394513
0.258895382580503
0.651373605359934
0.00992694762597459
0.00236915860892923
0.0950778600580513
0.124457526032717
0.000489760465240751
0.955003039511296
0.194489611453864
0.000245740197935984
0.0011370930265297
0.0977907047175328
0.00574290442854454
0.620839395993272
0.13932666505169
6.52016287859421e-05
9.87885278830149e-05
0.000192742125962984
0.370767877365179
0.0243713817598072
0.669850713069736
0.612896233339134
0.730393950083338
0.0492791004003671
1.85684992023716e-06
0.259860985083478
0.798050803803085
0.105976869425587
0.00587157386661076
0.943908906366335
0.000398407841914336
0.0106906534787381
0.626740186093562
2.52954283108516e-05
0.242056083833891
0.0874747105896253
0.772101787132733
4.5316388601987e-05
0.138118669592318
0.00224859726728193
2.47848211315202e-05
0.483884016966711
0.765592143123511
0.0488719923476361
0.209378842521895
0.0143982755408403
7.04230197466875e-05
0.00188364260942646
0.0166686940063114
0.0079126251306816
0.772135463448648
0.00661443566054091
0.459327714642909
0.996524837289689
0.0215449541774307
0.116637790854718
0.0015492014334728
0.203371820232332
0.170798920319623
4.85261211702358e-05
0.00116935872275099
0.0304270523879067
5.78962697225943e-06
0.418452102585489
0.968789624527355
0.000124707650836448
0.0140503012070981
0.849912122229844
0.615593617162953
1.72156527740566e-06
0.374505453748661
0.398615672834552
0.130479688963815
0.713518314158561
1.21159892977156e-05
0.169190631068316
0.00819930767323796
0.983131858165404
0.475848224364036
0.00213604860214544
0.728299845570797
0.0135168917609415
0.00701677441735903
0.268318688431965
0.555213919983396
0.115164641130156
0.214401445704404
9.20945716767232e-05
0.391171158285495
0.0344704754429078
0.212127408494213
0.00100772916488613
0.000258496048393454
0.382057651224325
0.0406928105245456
8.91603734316253e-05
0.861583625616131
0.21822409106607
0.00018097112789787
3.81900032453664e-06
0.144109955455332
0.410232831384108
0.114873492033627
0.055448821819661
5.44902276847544e-08
0.14708590236589
0.0701341129937706
1.89898730268028e-07
0.0950651363582411
0.000122255090060896
0.0678350529860167
0.0199571073612192
0.105620596404234
0.00700999149780347
0.529796769752699
0.123845849425881
0.00424811491303224
0.0711189905361691
0.0117833696188911
0.000213422798394972
0.00687160195687355
0.00234532082789978
0.0168700709544233
0.500191505767648
0.0242346780134745
1.43405306556469e-05
0.146916039878966
0.000578672653542468
0.0152695160595023
0.235934851787237
0.000155983525409106
2.36415790925166e-05
0.277391640428179
9.93802636571553e-06
0.130501480614819
0.524897343946317
0.20210314443633
0.000773235187090511
0.00260636251152281
0.000838714653982182
0.477842481349804
0.325634819419735
0.00553580862537064
0.0161319584781026
3.64326734407901e-08
0.625287134635474
0.466411011157179
0.292934158300562
0.00208960573516512
0.896725806499523
0.135568222446147
0.0114896554308776
0.0679508024248738
6.06088289156657e-06
0.00333997067701062
0.724623875259184
0.183027089654737
0.000776458128876199
1.0171826800435e-05
2.5149764180762e-05
0.890607100970925
0.0898631759363057
0.00166141139310009
0.00165561608212106
0.000441630400977976
0.00292970096411235
0.00151117533782844
0.000787798605352804
0.00631346777877819
0.250970135214591
0.00646482351158425
0.03074265205693
0.0759023447865883
0.849768128539857
0.0167456878824354
0.00233617674842531
0.551646637512358
0.0098423028594357
0.252137427509387
0.382392545058602
0.0109912185898977
0.337096504679004
0.537506380412008
0.00273997729985968
0.85943403884884
0.738774937884595
0.744640253401708
0.445393376853317
0.274944725905366
0.925676078743622
0.963381003794358
0.00246499711901651
0.0867695725560332
0.494554967798004
0.00518782355786009
0.541275922525102
0.0368840241171863
0.180157491040849
0.0421035462824144
0.122117159487937
0.138866855027845
0.482957840336028
0.00130819590594233
0.866501097829777
5.19610992773054e-05
0.0283876565705175
0.147354547316015
0.327062088469047
0.601685349725748
2.35956862069659e-05
0.000470208413547362
0.0673685633299931
1.24784879070205e-05
0.56007374680511
0.0729124870931935
0.728683851971512
0.000209114276105536
0.389875618834091
0.449119898577392
0.00688975138302954
0.0457652131792396
0.734496022787993
4.00011353403655e-08
1.17689881784234e-05
0.429474576738775
0.0941559235039224
0.00177945744635354
0.419185913100434
6.63935472992113e-06
0.242762836108723
0.0100385623389595
0.45935355192436
0.00264226334123671
0.380988874356709
0.0537370606448364
0.168854928265212
0.128612787844937
0.705055974569209
0.616828920418354
3.54761230653164e-05
0.348882653652362
0.00410882756830094
0.0311305992919203
0.0497319527677651
0.272419034319208
0.0151516856241521
0.0939706291386389
0.000644355910609559
0.0262146424642878
8.11821715530354e-07
0.00377987834205437
0.267417516673174
0.225588559570463
0.271841432078578
0.00453139211516677
0.101848148197955
0.983238572828743
5.62132661057057e-06
0.000183766944878082
0.54714948880194
0.000190614781603575
0.000489375906657668
0.00892352336830432
0.0331352565937993
0.241408330573227
0.910350340094875
0.000430694737355512
0.00858488734568613
0.708769932389007
9.89941503885867e-09
0.0178657594471224
0.00245088509348857
0.074863132164209
0.000987900789836195
0.437040160020757
0.34950191441284
0.439456021426966
0.564115422646969
0.299642490720324
0.0160835716303059
0.917136772900319
0.0145712304384977
3.93894944757206e-05
0.676795068836336
0.000167287990641766
0.481565366705391
0.0282494192189502
0.285560494317839
0.326317029002558
0.0024264756795672
0.138267898509755
0.464002174528324
0.0661376695290979
0.00381543877551029
0.00649950809267825
0.00021583603195052
0.550676767085816
0.41723512639959
0.00780460152652212
0.112222914881811
3.63690524324915e-07
0.000560133185657017
0.172642063952275
9.60643297417055e-08
5.68478599123673e-05
0.70690580920165
0.184733526106239
0.900473905002933
0.00230938838488301
1.29511893757076e-05
0.291313560320236
0.232261396838542
0.00443917479629807
0.032556136848036
0.844347526113219
2.28947764860243e-11
0.896204493224732
0.432304078774791
0.00111893368690987
0.70335800322725
0.0664070480029707
0.0418407569631038
0.308577424370594
0.00110088874844992
0.00479322612434585
0.467952073624171
0.0317808917666239
1.21868588313558e-06
0.347154389968144
0.00878495031090214
0.0477528121387321
0.0734736419850988
0.596964517328998
0.40507938326343
0.822627582156135
0.151438141528515
0.996555017593116
0.0242499231270953
0.726633558360462
0.0135289545344128
0.00422528271665369
0.00727705424652236
0.212777673518117
0.151957605401652
7.5296247465445e-07
0.512600228088598
0.0002945690260673
0.204375136019718
0.332187713113478
0.227122749127223
0.351518153959184
0.428982507544327
0.0110846330061799
0.129983760906576
0.010649044058441
0.106714141710985
0.000366353844342609
0.000671885712189852
0.379614959320975
0.00312378480272744
3.04959851924518e-05
0.394222114099373
0.167864024874815
0.395836462982605
0.0379658958182084
0.00989748810280379
0.00554698690930772
6.7316991289158e-05
0.665299157667452
0.138588894076694
0.000648341579833118
0.110949731976589
1.49293357748143e-06
0.162936316541481
0.000165773616795766
0.840011838118218
0.511010858224523
5.83848098365828e-08
0.0276917382154831
0.000114818988883559
0.00294541275946372
0.229465530169723
1.06780935708925e-05
0.0824128594267055
0.0619477808201315
0.87448978834575
0.499603236280058
0.838491035149708
0.587516053112217
0.533575097858635
0.00456337404026675
0.968497818652222
0.940271966687915
0.00141232697668184
0.662032424794744
0.0353377494123386
0.531033760480672
0.000703129267837048
6.38420868174157e-05
0.0264769937313486
0.28976806503685
0.336088085175525
0.501713367716872
0.808520753210078
0.000355856629982441
0.166463075342083
6.78450689910768e-06
0.00173717583099646
0.576886073920531
0.512511836651142
0.181885685319161
0.00379348366110273
0.108422960193596
0.503301585912393
0.106071876095722
0.000102537577406123
0.0272242452038616
0.0627916397810267
0.439717061351698
1.36549850639278e-06
4.64363077667399e-08
0.155571765906849
0.000472959844952357
0.141808659923759
0.351414211764053
0.0317309119443641
0.524117789216358
0.898886904462885
0.0284668679432589
0.000922730528193204
0.0311874471867091
0.0498424205782529
0.552765974066421
0.188685129800947
0.433545591463369
0.935757955788255
0.877999741414831
0.000126777609846082
0.00828664269852755
0.650292952875377
0.781340158420937
0.031707899432019
0.0108633985254898
0.230347821152357
5.19917990560393e-05
0.0122211341418215
3.01095013948601e-05
0.521328659610033
2.77306757657203e-05
0.868014565207391
0.00947611435457665
0.76031771898145
0.000652416324000845
0.631011593282744
0.00111492543223306
0.000493664474444786
0.167552722550502
1.96342025516646e-07
0.000243244506795196
0.00395948147274149
0.273613434131913
0.0895927181261661
0.0267229560300301
0.0590797676611968
0.240316737487836
0.0487519275239234
0.0755494223185752
0.219469928154541
0.376707094535099
0.000724568721824475
0.000131048957760273
0.002308431287964
0.00312780192446488
0.530057367633426
0.651561446059101
0.910265161567294
0.000183332317561172
0.00166631199583629
0.000188702655387691
0.00106244955528487
0.0146091941882505
0.150105201415972
0.00812825358723174
0.185456468273978
0.00626891017330786
0.00578686249943258
1.36480923181462e-06
0.454738740745347
0.0148025277398333
0.352095837844265
0.46941616325119
0.705072642537743
0.176244114601731
0.237156709086259
0.00110742399807762
0.00329073609280377
0.129261127200869
0.436553717664023
0.924733219831289
0.0107437024382493
1.97745974810934e-06
1.11069834023652e-07
0.018205968654475
0.529089036665745
0.283955345539725
0.0277208598138303
0.037171622015633
0.560393185875203
0.212339710306432
0.30161530641307
0.278635270359215
0.358210531066849
0.432363545076823
0.167433621451496
0.22829649291749
0.300699450199858
0.208397864543735
0.0916895090977739
0.0656760715322778
0.827099250713602
1.18173087224878e-05
0.329098615469734
0.00743632879921702
0.355548780137939
0.0728123844535065
0.0830292053728872
0.0190372314187823
0.0259030325613662
0.3236061028827
0.0398743949178409
7.12248849936121e-06
0.0167636326646014
0.24244113161281
2.50940853416496e-07
0.173358248222128
0.00942861336780568
0.918274743556684
5.84221843441465e-06
0.000246407874022891
0.667697793372227
0.00224731622058396
0.376149809447056
0.607277254491627
0.70107615880062
0.780949706339395
0.138417564204464
0.758119740419771
0.0475233088899093
0.00562981333870542
0.680276780460173
0.15686247492636
0.600431520198746
3.54304118962555e-05
0.495187291471573
0.481285749293619
0.0553793381070037
0.0232857890897453
0.195388470886843
0.249249786302105
0.547032636772731
0.097304815914102
0.248115158061584
0.614552420912424
0.324663699990106
0.694937337830971
0.265211167591216
0.983241055757402
0.747670762051211
0.390613107975774
0.0105865612558122
0.0344824602879476
0.0212183899162151
0.125345571056827
0.986156995336919
2.94377759095802e-05
6.96280398565822e-05
0.155636149531665
0.0287757020722059
0.000275627036875779
0.0205179397852123
0.0663674378754942
0.745930135871983
0.00835710758495097
0.80435382366933
0.274652943229345
0.406662980168291
0.895333012064875
0.0838294767886163
0.28713787845767
0.000989897429260656
2.80056039214434e-05
0.527492497380095
0.16984749868626
0.426977684542899
0.00138354674055456
0.887001071697619
0.79912097688298
0.000751481346338807
0.320576514933179
0.21126516558771
0.00110506714102294
0.000726544798982641
0.269082624008994
0.110022880403772
0.616166766986064
0.18576413711905
3.23350675781891e-05
0.0938861193408888
0.29446677654412
0.0439923714540569
0.00311626857870074
0.0213756013682585
0.263836172656609
0.75778984229739
0.70401123863768
0.532087843646868
3.83772900612519e-07
0.0481879926120375
0.000134995601759268
0.136677517344652
0.0444198524835778
0.926060361966739
0.00158545811614955
0.438596534339901
0.248930412525394
0.908042808643356
0.527083677273767
0.0385273103493713
7.09957849043119e-05
0.0102039229468735
0.297857913412899
0.427626497353966
0.533575274609291
0.0658648018884063
0.000672001965524699
0.0607306410971021
0.113876034972378
0.128354092881453
0.0887732791570805
0.48721939132112
1.51424820003266e-07
0.29171152367553
0.00227366111290071
0.121337914584736
0.825348784422088
0.210435038177365
0.448316040247146
0.645505210733979
0.223144619692038
0.0333233023061651
0.000468309879770306
0.189857859160004
0.0258562846798178
0.154824449297309
0.60409294773996
0.253169362996034
0.00637274184945136
0.0184762532478897
0.000146148980934164
0.305607722270487
0.00152374920225934
0.206760829170915
0.00012856612122198
0.615281092978643
9.14192870745974e-05
0.928390026472175
0.00323662601538843
0.161835923434933
4.25986427377005e-07
0.0108674201163242
0.191507681194786
0.559145354931807
0.363111520406215
2.24890250257415e-06
0.0655652997116874
0.15454074086986
0.408292983306314
0.899476519493649
1.00320873890526e-05
2.91655335237986e-05
0.00015992316200906
0.986537096124356
0.462813776993104
0.0043046536792871
4.33636826546074e-05
0.000878031637602532
0.902335024629133
0.0254500110145538
0.997643214690317
0.00897243413309801
0.434740434547282
4.62252059615072e-09
0.759519590633398
0.0338414526768715
0.144174949156945
0.195002524341156
0.641919320303543
0.00152707319607334
0.351172656829024
0.0610187878916222
0.00965211944060189
0.249174340902304
2.18309056631596e-05
0.600657893796579
0.784594391769751
0.996428467895408
0.0118213149069671
0.0233304672799756
0.0130893824903586
0.272075587202669
0.0106992205505017
0.0654606544753724
0.00374783922750917
0.943308184729682
0.121127739056847
0.00548086605184659
0.00844176016617894
0.14970060089624
0.889748143338261
0.000213534471465977
0.000374343897375557
0.162982902083475
0.650227125434761
0.0282896216122756
0.0194276435842911
0.40349195363581
0.305151739151869
0.00111781980281552
0.583996881112088
0.0219899310371671
0.0315963151830236
0.839717382088892
0.316297356488836
0.267798422825738
0.178971304492017
9.96976295154009e-06
0.0171703442331106
0.27644069120806
0.016995625705671
0.00134265773336308
0.276038832954233
0.854750905470358
0.0994661916405813
0.000140314503921143
0.449624614363246
0.31957267089034
0.00150158727223617
0.510104331302027
0.00325598641058975
0.0557113066896592
0.485801984423849
0.305421628772975
0.0549441745400936
0.00096307377411866
0.675424501679251
0.477837995296076
0.51309860493711
0.378881196356342
0.0349063641149808
0.854375452297699
0.112806385629848
0.672830966815974
0.000627437240503857
0.230676773559118
0.175380300104677
0.643450558168036
0.00549606490436323
8.86100180049426e-06
0.00750729487058566
0.699401973223536
0.029891937116998
0.507583721477524
0.0454844901206007
0.688805254905513
0.046538507440562
0.360810891438509
0.762077576300383
0.0227260203971734
0.061102075960377
0.369676770697313
0.746424590022176
0.00680919574906649
0.177417527871321
2.09043733348177e-08
0.290270280368335
0.241906775651981
0.00161278068731614
1.48752925013855e-05
0.705865504020753
0.218215792587834
0.631163353212903
0.495755139325851
0.00626129314250347
0.106007495760841
0.0239528498207946
0.0157606252114589
0.280179011072412
0.00169977959679822
0.000301811309452252
0.547194031277942
0.569149216521261
0.0678360955207022
0.973655738269308
0.831344542474451
0.0705826027291378
0.00121189656040367
0.000166235472164011
0.000390894092473205
0.467702919969238
0.99086398957602
0.709199435208586
0.0385747156684137
8.27172871819272e-05
0.232106683603675
2.22564575061581e-06
0.637788328767673
0.00673678483643302
0.0001958320051602
0.307907704010488
0.000541613493408641
0.000226067752507408
0.00767566160729707
0.139636421139406
0.212940721771471
0.287880228806739
0.76198096705498
0.950334429381584
0.341293854124363
0.00977266311081408
0.826449463631
0.17965950447381
0.000719527728260589
0.405295347142477
0.00118330191815658
0.00172073867844278
0.499121041561647
0.00857203943540853
0.0618389427320733
0.983625878803968
0.00254668703101955
0.261188788215493
0.000163543090955295
1.02399452739793e-06
0.484104534144636
0.00555775996005137
0.550625557384958
0.000673699197683239
0.735810769410003
0.0586885640641499
0.000140554784031669
0.0683274293229067
0.290803408613494
0.00582967941910481
0.0791661145700598
0.0938390525190298
0.00520735979175032
3.66759397761515e-05
2.25320768178004e-05
0.847746692911508
3.57798451342333e-05
8.77272134051797e-05
0.721998553232966
0.0298756390698626
0.0589209805230977
0.132850729492551
0.829663863371679
0.00190104522867673
0.878049209442142
0.34516436788099
0.0183718969670229
0.224242125078437
1.12363940885106e-05
0.000340502750740323
0.040689497341501
0.495354418535344
0.0865052732059012
0.0123418078022714
0.0026714983511655
0.0917203677454921
0.0390259984155997
4.85036418160892e-05
0.0357860636835864
4.18601548974425e-07
1.42114384653746e-05
0.00570830972672861
0.000229704715402798
0.805874530606618
0.337629228611303
0.000905268737950844
0.485370701789206
0.0574029887924448
0.000247114825390623
0.0383733385996691
0.588130630248207
0.109842908834959
0.00119530831324131
0.274620298787577
0.545229119194732
0.311581481092519
0.402337929383605
0.0110204103295172
0.0637330634410004
0.272025993719372
0.000184969708043516
0.0420132081331845
0.00206741716915665
0.100455972667136
0.00556720710538545
0.0783161014162221
0.0524127001910418
0.0964276048279703
0.256074777259678
0.0592810946889802
0.153524538018939
0.000313758189803096
0.415708541968954
0.00920130115361796
0.0223296185132263
4.90393249023069e-05
0.373957617914841
0.169635527781667
1.77677839985398e-05
7.31012100512674e-05
0.339310188420653
0.0601660717237206
0.280665723261585
0.0210018089735277
8.93923472536714e-08
0.0270094078027379
0.0118033477123887
0.954226201273488
0.142586464008971
0.977475338610811
0.147021046969475
0.00261930095690135
0.355482147798112
0.000101366368670118
0.000610048300821197
0.0801602356508622
0.710165744027608
6.89832997062542e-07
0.909536678954717
0.99274851617494
0.0573782539969449
5.61328183283335e-07
0.173093076825552
0.0870035206231155
0.0208338726139492
2.39552293617776e-05
0.00935649532107262
0.00168455290715423
0.0119368759965038
0.000126687554382622
0.000945742402278471
9.64977755208695e-05
0.67008987647704
0.697287381507948
0.0122185434395738
1.8137852155551e-07
0.780691776119484
0.480295875881498
0.093502867682535
0.0100253129858679
0.0387664068512891
0.000889185706835375
0.000183202459893923
0.308540621460432
0.0744150267090215
0.450092511096405
0.0734177861076142
0.00458763760583702
0.0205073167686454
0.276067382847543
0.00624177753712817
0.0666356054408918
0.226622189011868
0.657783142597051
0.276643098541462
0.0677768592028676
9.52905990838243e-06
0.160383873473592
0.0425102757399661
0.919854662643932
0.00085141125402114
0.0547768037630714
0.595289969734249
0.000527233559429365
0.218309505101615
0.917446411130537
0.140675972794732
0.389761082921503
0.701713816601289
0.445999798774533
0.58593204482624
0.0096326177826957
2.96177018843629e-05
1.45096507332588e-05
0.593696284275485
0.923467842374128
0.290849018443758
0.607026084318079
0.00596531885942193
4.55069589350222e-05
0.637628711320091
2.88066048861589e-07
0.305406074776128
0.000636049279974971
0.00013473641355406
0.0294570794465353
0.892048186492756
0.0537271591092348
1.12784282911665e-05
0.000168622891209968
0.727285698588843
0.556029608216922
0.000143413657001918
0.00460768871543635
0.00075093005342533
0.306112467260662
0.0300284252333974
0.000750223048847097
0.322864321967157
0.221038704989032
0.438402990172329
0.157527417271621
0.00731111364862378
0.165415180324377
0.00105783153901812
0.868841149112157
0.00969078163296272
0.603598510221911
0.162501190406888
0.432279965362854
0.0532030911718287
0.0457363839203644
1.33971112414051e-05
0.14853328907573
0.0275502076178115
0.0178751965995945
0.27279499314656
0.0971583880579052
0.253748409579866
0.0104191513223806
0.00163051019400687
0.13803701085068
0.567399302022657
0.182245116130303
0.263310525922548
0.363032707516687
0.000258593785178019
0.244868419354427
0.0805353266053209
0.126956132334748
0.0189730598226096
0.102378188301833
0.211250934044729
0.019927751228036
0.306579224123335
7.30217869755371e-10
6.81597106041203e-05
0.555099886875514
2.14081985952878e-05
0.953637643084282
0.666760598372567
0.886880660992831
0.0143797099651207
0.308064612147446
0.000382512265948543
0.158693790585924
0.0357475491528725
0.010621645464433
0.474078805015288
0.310892155070263
1.52989737575742e-05
0.00846657505004823
0.00332834330104538
6.28671970904285e-06
0.583367327170136
0.0155220570594799
0.10091791164178
4.03446132596431e-08
0.576301576918366
0.207330637513355
0.272753372454025
0.0102177447370001
0.547511277403283
0.236423304992704
0.000416922917057182
0.793407845028927
0.135655340707512
0.6718242589075
0.0777979561550328
0.056498691625827
4.68867991171406e-05
0.000375977608658507
0.0657965641374679
0.717932854867945
0.51336702204639
0.0539051479791626
0.0138304570372325
7.25518008715896e-05
0.0329411992064458
0.0359492774582205
0.29368682693299
0.0984700169417003
0.278987438637578
0.120916088699453
8.15993482575243e-06
0.000112086377120859
0.815809954545552
0.0111970729762232
0.312562048150498
1.93250513571224e-05
0.000114445750456233
0.284658200493796
0.241241014673761
0.0272831346741673
0.00012430521767685
0.104425588818886
0.127040937597322
0.131726569437487
0.914214496440981
3.73075534473666e-05
0.00035798829490835
0.104158660251505
1.11021101161114e-05
0.759161160756486
0.538788971311505
0.00265185991947515
0.555544118412546
0.803066773461465
0.988746675517899
0.00338453964922506
0.224336779359503
0.0711639376307825
0.000851281873709851
0.000344694019876133
0.00121896039032482
0.357099348392858
0.0320044950311442
0.983435345113983
0.0164891178062325
0.458605811088255
0.740098329461965
0.028418523102022
2.85014547730025e-07
0.00389985506738054
0.243503191574685
0.766257667392978
0.515564853176218
0.474788599543488
0.213242184849422
0.000523225416076218
0.40078613350367
0.158133430740659
0.100784173051503
0.000654026525658331
0.18808639990355
0.887997861015469
0.262796090300484
0.000972042923546655
0.0319917215320078
0.365967095916132
0.00121021326485869
6.91588588484715e-06
0.31547143325937
0.000187904647525468
0.942886670842807
6.01723975344495e-05
0.231905064097839
0.050601756487717
0.289068793075679
0.00352024847567578
0.0631535902385189
0.153470713909715
0.0205488193873019
0.59800630993146
0.0203470965177478
0.0266999315347596
0.0892295280519832
0.00376051271710527
0.000489934869423906
0.851359897775955
0.11647264304712
0.575111134029966
0.00358243312593974
1.11537075164295e-05
0.476291459861028
0.0166402249560123
0.0204081215443596
0.107842367863576
3.95627359710947e-07
0.126654304102292
0.125205993694188
7.02034127182241e-07
0.000204184139946769
0.287646937608371
0.000687360545612595
0.411056498500069
0.00169419518989307
0.0315335652723584
0.846977280463636
0.265976800787233
0.0628593786897497
0.0164599313064036
3.16776366475639e-06
4.21651126680847e-07
0.384802512457151
0.0476056429087063
0.0147798531747633
0.309089082257136
0.625484942779873
0.15421267136338
0.00268411234295675
0.350633839548774
0.0103904377529004
0.0011447984705709
0.00508979434513766
0.00980934408435205
0.00298722312836456
0.354559555401495
0.437139051093027
0.24926566865915
0.000387742903363534
0.350355556602226
0.436331698719254
0.680512751786057
0.000330596914981346
0.00119279423907355
3.42432912108367e-06
2.6550064760709e-05
0.457498568309098
0.827692235553976
0.0951084058438062
0.000418091553625521
0.0171339642947536
0.00289577325515027
0.135326236145876
0.0495975924705014
0.405119453885864
0.676742440775002
0.00990936819425326
0.00957043697329081
9.55125969642902e-07
0.940018443245836
0.0124297607252349
0.00589015571560458
0.000889724174152447
0.00915306724169489
0.00077734029470192
0.446083228998168
0.0122181368936988
0.00158043632371213
0.425514929938502
0.357315263322185
0.164489064352946
0.692015168808402
0.00117133410211628
0.00193992476399413
0.384152371123965
0.0184494706353577
0.706825308558481
0.391386461256807
0.0132774059485869
0.33891171002702
0.974761609757955
0.314975503568853
0.020151890074315
0.000362314091241565
0.102592954670688
0.470763037830085
0.970418466219457
0.476081697421067
0.189635236927037
0.39583345317576
0.0675082713453493
0.392958826213083
0.0425967097752429
1.3398971846524e-06
0.242564021791184
0.000956247629139078
0.71070586149391
0.364001739053129
0.117388719285634
0.216933982364107
0.0816801974368369
0.623525605620491
0.612447545056419
0.167731739901181
0.134283933463891
0.648067996523224
0.0509574707445485
0.474893505298419
0.0377974395389579
0.81054819400878
0.0136425195679747
0.829086525068982
0.658789904160067
0.342104266425534
0.546576588783213
0.0933030349789205
0.395001608123029
0.0608811618684517
0.0122816402463158
0.00875956131159699
0.625765049656424
0.594436252131463
0.000348163247042965
1.39145496891804e-06
0.485885731860402
0.0122252524947556
3.51306640815711e-09
0.0420785050814116
0.0123912896637373
0.417168285508244
0.0103269675339244
0.977134827714309
0.409062198298294
0.806309724743014
0.000945518880639038
0.000100381868713044
0.0505246595317859
0.533264290003863
0.285792843352107
0.000251657733356723
0.0292803915590597
0.614526304630301
4.06632518730592e-07
0.348584452523967
0.00259393857888658
0.000357346970397973
0.00144295913635868
0.385626909809483
0.36201289879651
7.58791819229634e-07
0.0443717142342511
0.0608916199382628
0.457531250274954
0.000363274462302353
0.577296911310808
0.468463446148346
0.107922941966153
0.685478175388684
0.133025556044602
0.000162939093921753
0.590019619367315
0.0752829522125959
0.0522888499055677
1.08414101119844e-06
9.62752305276896e-08
0.00609190978534522
0.000899410454918489
0.341022247733659
0.403560510692154
0.58327221081664
0.397680543378027
0.195976269650293
0.555710265407661
0.000628042334274886
0.003429657605732
0.00159426950585489
0.37279256368017
0.00282068419423349
0.688526121169131
0.653332657616674
0.271533722497425
0.00798286884646111
0.0118062997809044
0.232942625377905
0.396358826384387
1.66484339215654e-06
0.170947870089969
0.752620548578433
0.000529390859708251
0.929632594791847
0.675713042207869
0.184416355973311
0.415053438808799
0.0452722971544038
8.95713886132315e-06
0.0806475039567502
0.000172870610402625
0.0350019443218202
0.00270591306087457
0.00210321807012235
0.939214061231134
0.00019092108768789
0.0134562984351072
0.178779298729748
0.206091585970132
0.0453237025239294
8.77251703721493e-06
0.604461472938735
0.672806637301054
0.175452298920229
0.00467224581416526
7.97068926401283e-07
0.54325013898785
0.598308272743992
0.0167167200473883
0.633190507635572
0.0617129148583456
0.771538543461181
0.000684269451948229
0.300453050710101
0.261902552986514
0.00137422043190918
0.00244950931853292
0.920265267609305
0.00316460577704533
0.697432212576372
0.395824985543697
0.0266731424936805
0.000916171302811098
0.0807138836848273
0.0476754766724772
0.0304524786290783
0.0061156930846122
0.0107594763469152
0.0219812754391071
0.000203945362554816
0.00160079319877466
0.0336190804961755
0.582834877659509
1.19826943305421e-06
0.720522070854035
0.000418273631962849
0.648726350769372
0.109466998073907
0.032059922413375
0.967842004047185
0.108972392340562
0.0740803915555001
0.00533127000662816
0.00116162598429276
0.00105585352255256
0.0521807822751364
0.00849675897814986
0.338630022980635
0.00496646507688515
0.283725632913473
0.0656365905136016
0.719286129468474
0.550040625485791
0.31702813471768
0.670369725313193
0.223546607445707
0.000810472117256447
0.00806532863979067
0.107305382584383
0.301557188900705
0.437082841921146
0.0308537662403384
0.0119031481289973
0.0913302137442185
0.664763608312837
0.00311599383176453
0.00509804798900345
0.00896343932864699
4.32932299561724e-05
0.000272862761922234
0.0179944925563717
0.0214582122574934
0.143482617626807
0.139515001369838
0.00277590361750893
0.14606913465556
0.9024615793232
0.797949278906638
0.588343028016136
2.30858668627907e-06
0.982609310849885
0.012936966299412
0.111439978318428
0.791240153112665
0.0206502817617591
0.185565650909435
0.000488866013238304
0.00039483980358494
0.420578217110295
0.430656917584464
4.34969129732183e-06
0.62499817497147
0.000226194950625344
0.531445347983912
0.00349362967861047
0.0647857755713985
0.0109794251596375
0.0791589706668949
0.434709511378944
0.0285589769076956
0.381581147500229
0.00408021386715177
0.185023635794789
5.51186209888511e-05
0.0402135455851712
0.168075252315773
0.0334714625813007
0.000310408456414864
0.0890139297332722
0.164808675052839
0.0100938637733983
0.362118773925953
0.453464681376858
0.00211416050197779
0.222564862778334
0.781418711628052
0.569323351749417
2.2593989958875e-05
0.0666950918278188
0.247795705379148
0.0976455359979651
0.0260791530898351
0.00456565525880549
0.0794662176295274
0.0548005550223491
0.0276816458518418
0.0218359955386241
0.00304689596779561
0.0667031325439059
0.256876722694531
0.608789799182736
0.725779933271118
0.463778400830232
0.100659991103557
0.100504677449029
0.757262396510394
0.641639301894795
0.000461624253818011
0.0330665287703332
0.0020582996937099
9.24992657079164e-06
0.0198165201209441
0.794007575052472
0.349081139945632
0.000942307796508676
0.0552865059447647
0.630335883285058
0.0241628402387585
0.259581111559458
0.031438872939203
0.857901908235817
0.662379413734872
4.91301391597652e-05
0.0331586320285399
0.0422340109274496
0.0056951338464057
0.889396138168823
0.0185017348724339
0.0193625555498942
0.01641805923093
0.038196635150831
0.900721655730861
0.247983700802295
0.61489947631233
0.00938635727777983
0.687421725955386
0.778602868115604
0.00157996668425835
0.977517303191968
0.000617437108895221
0.646617945953247
1.18164153610398e-06
0.249149886071411
0.13755764380174
0.0475653813488819
0.238115926938327
0.0116302050088996
5.02494671485999e-08
2.83952628238244e-05
0.06024511506653
0.00227602934256012
0.280278572755291
0.723331423054348
0.0131843927013534
0.000439622711109775
0.00258463344823007
0.436435520521927
0.000623912996690292
0.598269130199309
0.0689846858604714
0.250631144387633
0.306009870751736
0.536798673699881
0.0056164616124683
0.00337065141164547
0.952045374910906
0.000576709289454725
0.497311680881002
3.77201300150336e-05
0.343643323358558
0.00539367452041036
0.00141967617783954
0.6216177724687
0.00353177436574126
0.00299299651048414
0.000966048928635024
0.00367335866371248
1.12720279002993e-08
0.367680165855628
0.0505442850938489
0.00803535501374729
0.32903998898936
0.0014488188254103
0.0046165437435713
0.833215232144407
3.61281694395621e-07
3.10482125342447e-06
0.0697805855292917
0.623881177340601
0.000874040076044095
0.736615383883671
0.0267808657176317
0.90249893738868
0.887633316464068
0.138035435082011
9.91253775477962e-11
0.000249704496972571
0.006994165762096
0.389691968328611
0.00809745167572221
0.644362813982996
5.36872544053665e-05
0.0574029886586806
0.00380205316497743
0.137352179031363
0.128549865012565
0.348197486775924
0.0713400309974996
0.0828293166895906
0.0596834673454515
0.0240975092709326
0.584149919820369
0.0788055201464067
0.971119227544007
0.128012290246847
0.74124251882054
0.000490992667409964
0.177210034985877
0.367428193423392
0.00113398299711173
0.0444851427989441
0.000243998420381417
0.000424061340632785
0.500109839063493
0.443531857578827
0.0115222805038229
0.789342441693904
0.00517178142889923
0.0113024712530541
0.0351313793286452
2.25308990666683e-06
0.000569193138994647
0.970754781108551
0.088798851632806
0.00737075229166949
0.0932631599757576
0.21026904050933
0.834510756860063
0.0568155849746016
1.2055649815263e-06
0.00813648597806184
0.111146458340848
0.000232087579520873
0.125175645687429
0.282331794592486
0.436375996278783
0.000405676999799814
0.00140317717196587
0.613782125837257
0.0044919823402495
0.507833811658116
0.448113963011756
0.00724669697026374
0.577359024663579
0.0345023056668176
0.990575421849791
0.0959761841660108
0.492497122525003
0.261593132419711
1.22248113761773e-07
0.0115073258526455
0.333826613119932
0.000270651634167681
0.838233456038422
0.711795619440272
0.0860161598770033
0.00512492562055851
0.135588862127987
0.208163912876571
5.29310870776028e-05
7.38619805652337e-05
0.0612687559737989
0.614533743216927
0.0978579200809076
0.852751787275766
0.106805673227232
0.000501194609216309
0.321237390740174
0.000448599040120936
0.28607851862178
0.0202889695593855
0.332163850671027
0.00264895856789517
0.917801831018326
4.35088204698399e-05
0.00537850497202202
8.76738336579144e-05
0.311572128236382
0.397154749717865
0.0113302995434133
0.502210140082721
2.08311251490594e-07
0.00100559186053698
0.0878746707357708
0.00422753158312244
0.689200134244591
0.00179552207812449
0.583594037421558
0.0756890836122269
0.412029846668142
0.172932097619777
0.188226080354416
0.0340835396670792
0.295242164959518
0.022556140074733
0.157206894282815
0.0147606841366737
0.391313792225849
0.96932076616587
0.0016012109880637
0.000145818808278571
0.000391938078761987
0.636389938200089
0.295971268902679
0.00511594527647767
0.0138324958236519
0.702489529890381
0.398669621577521
0.0482462845544068
0.00121365613295452
0.135095440037833
0.274916420015888
0.100978903681877
0.893149804597773
0.242553958234992
0.397655006359888
0.293038879989763
0.535073450100667
0.267552173691399
0.595444931595815
0.000455884895582929
0.191642832368987
0.0211648703060812
0.278883767958018
0.00104225434422066
0.0464960298036016
0.000449782983074698
0.0157308458531727
1.08229989788221e-05
0.00306794744518007
0.913706641812959
0.252791149776195
0.12081358210816
0.000865934531237687
0.00140396055272327
0.751317874627708
4.31368052521864e-06
0.0755237910600883
0.0497646041878347
0.678181232824774
0.26012227579051
0.0802561403474449
0.551163550039568
0.0112433467270246
0.902760150138462
0.0518141197899942
0.784516947254235
0.00849302185599469
0.23044791104096
0.810274983968237
0.000292344432399918
0.913669024637813
0.573938947586104
0.213384436191618
0.885365417939736
0.4682262703031
0.69628616075283
0.00823509591216084
0.0556530190621563
0.0043685621570389
0.642559504312611
0.00347928274017306
0.20230712477537
0.613835982070814
0.00742492781671094
0.808676753843869
0.0444189642219738
0.0015360162337214
0.00457553324487964
0.0889668090125067
0.0187565854584992
0.330972281651455
0.258544286640998
0.840311030800905
1.2530067692277e-05
0.326645911477766
0.32906092649748
0.000303885739075265
0.168104406311308
0.0260072254209004
0.00281179811013946
0.320048954493429
0.926543679583572
0.00805770337583163
0.677168986999155
0.0104006428401507
0.215970597117648
0.123557082997127
0.103793930480287
0.562353356160427
0.316998468064934
0.00621892059001737
0.821048774684646
0.0118636085706492
0.496913533263094
0.0701620406316506
0.0246303930914674
0.00147259153261102
0.000123770945409333
0.00302182363691923
0.042724425397736
0.286956254098187
6.91228760257547e-05
0.888271700831538
0.0145718891103067
0.509656811605323
0.00991139954374517
0.671270600232203
0.00105986883711763
0.753772349126702
0.0042795937235174
0.00673716059549627
0.304414554837777
0.31986277637879
0.666625682435863
0.000644136884937261
0.465090428782661
0.783370660525398
0.102863177648156
0.0163802209384872
0.0487890791586187
0.0550265884792506
0.00287178774886844
0.56659331575926
0.87840941142496
0.00539374690199895
0.992780848604786
0.0100044591480998
0.00448292810242409
0.46332160396538
0.692197652481146
0.00130652751822182
0.30289184559944
0.00370724617242298
0.0432693095150985
0.975508522712791
0.164715443175379
0.72401045592342
0.0240494936284833
0.238065826439741
0.437990665689913
0.000161296767795315
0.30692987104424
0.0331814027978839
0.00889533251486368
0.0348952609189558
0.0534223196680441
0.00263750657246383
0.103271844252864
9.11016674074962e-05
0.0181516669315114
0.0698647887650602
3.62364585428104e-08
0.143109060368013
0.140296692537881
0.904090958443469
0.00283805565302244
0.0101378048768576
0.86598086097121
0.32310113883316
0.0589183236175102
0.0717539210126909
0.481121647507568
0.981921420925668
0.638108825681063
0.0508697727111703
0.00721834099789751
0.00792294543049172
0.137347952213392
0.00646801800634835
0.215911042948785
0.0100128619639971
4.13594656246109e-07
0.746629671391224
0.00511713927761843
0.00044273538906015
0.00257907212113914
0.0850202912977862
0.0359942046659674
0.602846020927393
0.386771474121593
0.82032135723212
0.132339482744398
0.348056796871594
0.0152656233680767
0.0434657241290163
0.902710733278167
0.424938434904912
0.436233250406187
0.893755194751655
0.00141563029778706
0.296295458886369
0.572515197435214
0.0637320974351801
0.938322577480722
0.0016840911555759
0.0193051060283969
0.0941514502836822
2.15643593690623e-05
0.0572302717432322
0.00286114233429799
0.142677477306007
1.76770361136659e-06
0.193508301904092
0.00385742596233852
0.13498417456667
0.0210661652019426
0.502563703452023
0.0765139859656952
0.00137830078406515
0.0369522928980336
0.0223573027257515
0.341680380324856
4.40728742917371e-05
0.00830066704141995
0.107648788048261
1.12569881141365e-05
0.00111573930869332
0.00357129044075541
0.0107769339352444
0.0961137267456478
0.0287456529909032
0.204368385715679
0.00435308949402091
0.536076710421586
0.453224363128027
0.0113759589793487
0.00772286853271338
0.0216205253312788
0.133950047934556
0.0403627044322453
0.0367009538821008
0.4497517206988
0.00273584848972246
0.000156059197777029
0.00238095962949696
0.00176513984535152
0.378676285031478
0.0302333500251764
6.7471542412941e-05
0.00432923989599464
0.125555064922758
0.020252163605361
0.00516767270735001
0.00710851698059763
0.00475120365135823
0.000132475755475049
0.730267079991288
0.0004289813272767
0.826124899878017
9.32689485626372e-05
0.144606764174913
0.238346893985639
0.0112476828808776
0.0156080338954747
0.000272358096376893
8.38627159399155e-05
0.0155355348753086
0.18601649224257
0.000961463863055745
0.700129900232474
0.0130586051510459
0.235759093752083
0.00264231137236689
0.241901836359268
0.872515336624783
0.00517666629281602
0.210991171469767
0.00654360416820393
0.0250330992198033
0.858745460615471
0.197710299910598
0.00199024449549513
0.74859850909184
0.0615840977536508
0.0518115961884422
0.794985777963748
0.00079391396122517
0.423773690926399
0.030178734211099
0.311427669103156
0.661291133974282
0.164062974686071
0.000897882782053618
0.443783704196186
0.000196514810662084
0.662766796330374
0.000120342292815651
0.0443677753006422
0.000101577340610898
0.740837305613094
0.00904122709834182
0.038549023704502
0.510101389867558
0.0497622613193216
0.448526664674703
0.000369313991887607
0.0474168326544814
0.275185976423095
0.0757224141937711
0.00301831710266792
0.0793337291818817
1.55371194677957e-05
0.580114587097181
0.087260932390092
0.0450299355493774
0.11650296288315
0.00279401899896965
0.00365623885791816
0.95537396700412
0.178909581544172
0.00926272221890335
0.0496288440139812
0.154875407905353
0.00444561248385629
0.221729471653185
0.566918851648974
0.0257492411234275
0.000311864032897069
0.0752935513462718
0.00122324067806703
0.00670894850443255
0.255133587192925
0.849629589547626
0.217302835082806
0.0328299684886533
0.981533871813639
0.172048055218458
0.627794767352642
0.0397866917207694
0.591990068945475
0.875397770869667
0.411254695765875
1.16380757643468e-07
0.554020044209369
0.770794878964962
0.700123804680027
0.196671236179417
4.67305161865009e-05
0.0195734339369388
0.00187142545863855
0.814117205648132
0.690076510023408
0.556327410125872
0.0525599285685965
2.91379578590699e-05
0.00020025935887084
0.0420793027470241
0.66996734520453
0.00789517982285531
0.000218999229220627
0.000504533620088516
0.429851235276499
0.0586646029684035
0.713211669686113
0.772706091831827
0.0597426350911795
0.00425538680742578
0.798098383755118
0.778367288081095
0.687907651295148
0.000243812887080283
0.243008352995754
0.122467802895481
0.278106203026304
0.510465776909597
0.0534600419362198
0.00042800067138247
0.298290746138002
0.0103617415913333
8.14223750505254e-05
0.633764088984834
0.946437845112899
0.0534579513829677
0.816491962679081
0.00111365041512062
0.501834204033214
0.597915782028304
0.853679391924977
0.0390353159790274
0.0411852393402782
0.49409684087447
3.37474651369821e-07
0.406467565109787
0.885925529821916
0.0579783265708969
0.499845193110259
0.466705710756846
0.0370555605174349
0.373026710776796
0.245519546545219
0.506451295578631
0.30486240363778
2.06980551991151e-07
3.82147877306676e-06
0.373393341456763
0.000104757602766452
0.23038469668344
0.889331426748403
0.000359957538546672
0.607628632772657
0.000624894807877561
0.000217082159060049
0.0266428043834775
0.0129726421568533
0.692378526738636
0.0191435469833684
0.601823718692151
0.782407236005822
0.493172009913852
0.00981010579346231
0.00769418154741098
0.159503637796765
0.365414752722011
0.00714029236912467
0.000536446235757336
0.603229199570997
0.0149549925872921
0.089939751709658
0.0126841825808054
0.105266941556152
0.41591280917614
0.00785564754512415
0.000359626045100696
0.00623148133467008
0.0577432167507077
0.898939215738939
0.747203240267547
0.619267683195911
0.459240586544473
0.00575111557430268
0.0862772369009206
0.0062225578057794
0.000426503947595186
0.873946408318884
0.203574908566403
0.399593495608041
0.893556139219501
0.215822411300447
0.263439059279532
0.051075728956596
0.496801601328379
0.0264628909447908
0.253537806280355
0.75017745988119
0.522575454514787
0.133052494424844
0.0239124782368495
0.860273430906837
0.0617585723164105
0.00242652673493643
0.0635714954646927
0.134326440015577
0.308894412335804
0.00119102888357925
0.0739730162026537
0.832296527804649
0.0499595251376056
0.00128953978441377
0.0172438705999332
0.315782494543175
0.000538283796412312
0.00249805391114609
0.784314554498545
0.269896214239123
0.359232945877296
0.0452382105844594
0.259002934347046
0.523018430958998
0.0186527464168044
0.170036141509618
0.0611248472936165
0.0171259181152287
0.815663622343547
9.25778811877028e-08
0.024892814145456
0.137787239861133
0.271382029151332
0.0101712275502442
0.0132506541062211
0.0577897208972939
0.0236497134585143
0.807874569614449
0.397626889720491
0.156484839206865
0.0367777089104419
0.0112657148310551
0.35386330468607
0.84437091535325
0.472281860194029
0.266451556629146
0.533777643696093
0.49271979678294
0.18769704322509
0.875770667659233
0.0687101351076007
0.392498244394833
0.753938688840011
0.00142835580750694
0.00178024371953906
4.42069151390705e-06
0.000132849866901444
0.396568619189675
0.00743165970579744
0.449489569623805
0.0131091996545401
0.689717555408179
1.49480969770972e-08
0.501815583728212
0.278100493947164
0.184004187859928
0.428090962315567
0.000692924582804543
0.905583600788163
0.0544066558437728
0.778720178660031
0.421190008081123
5.20049561518353e-05
0.899752568156572
0.292053931971157
0.592696893031212
0.0116159094982214
0.000820994874902994
0.017160987218521
0.185278738273663
0.00962712732529657
0.243049334880055
0.0396471837041301
0.117937693229522
0.0654542755589653
0.0677083223457094
0.00165616556389392
0.86639177886944
0.200812935956482
0.985082199425322
0.895738648455501
0.0243617385370927
0.0276319669941319
0.0337881734302137
0.409265579659284
0.208843571326366
0.143881738965138
0.859650717839934
0.14426998354801
3.54565841776763e-05
0.410609677664037
0.0837018424193531
0.717687079362319
0.583664097421152
4.30491114499958e-06
0.0173571652458515
0.0355409578588143
0.639362098490886
0.332101687116276
0.258567845008751
0.665812501895798
0.000595041320635542
0.120154258869368
0.0108647762593381
0.554463627728246
0.223260772682974
0.000363971637531364
0.0436768195402836
0.0773688524108101
0.500868121813798
0.0248461576985001
0.199295234129913
0.800708043352238
0.000727674494327313
0.230513262219997
0.00619068297346964
0.710763055787786
0.00310143719527129
0.203083099230319
0.0017105333593052
6.16513356133786e-05
0.420118766046408
0.0148706508256835
0.00356894030999278
0.204476169733477
0.867800582795274
0.00302854184750335
7.98235111553197e-06
0.00851077539082079
0.225365480282697
0.0908710024022683
0.0100268214253533
0.00071458140846574
0.637012531019592
0.857880237331762
0.0485235825137374
0.228195075898906
4.87841494120386e-05
0.000372179280488807
0.163314749610378
3.65729065741935e-05
3.24222330617366e-06
0.0378530613180488
0.0308113815080234
0.75952161458535
0.560721765712298
0.000156001866188191
0.00376237921998747
0.00199273491326067
0.74963673034931
0.406939249515184
0.0446390859891859
0.339238201901876
0.828441981975548
0.0437842469502547
0.00917827503215111
0.784536671019024
0.494581597176264
0.000957769478640707
0.185800510542248
0.00294584935706746
0.203287890426125
7.13565589651918e-05
0.0230118826774251
0.00910687553354263
0.0991164318802036
0.479404793498584
0.310898083810298
0.00172449917868301
0.107549137150085
0.524466277487655
0.790960015889469
0.0347492471213941
0.0333274901736396
0.198299662575033
0.00365535373459711
0.00917317051652269
0.66470568571563
0.0218424295231058
0.000295041248653326
0.626860511384992
3.85272915201273e-06
4.90438030134028e-06
0.0441591695604648
0.00849029552601778
0.0923251183077181
8.27926190412331e-05
0.647059415263634
0.00771009263139599
0.809722086061078
3.53638086623946e-05
0.258352043903917
0.00246229526985442
0.156158829417862
0.00469171256001987
0.057455686105518
0.0656799790386514
0.246196589194513
0.117377886426479
0.289106338505769
2.65797515528974e-08
0.216622910580561
0.0175131113323295
0.262433924560668
0.713497660673545
0.0731870291619784
0.000292515398416274
1.25941276662108e-05
0.00320225459568793
0.0607184217272684
0.218990905894551
0.0755746007888673
0.0149296469447142
0.115148068589401
0.000221673828726694
0.708116764429929
0.0821841117771965
0.279655335429218
2.38308907425691e-07
0.229220699616979
0.672454888201631
0.000113544384744383
0.0102309106046368
0.463403932759739
0.00178857103722619
0.350103929088104
0.514094819590502
0.34475460497434
0.728298197429992
0.0111704405546259
0.0355707355817318
0.46163835213312
0.552787653240065
0.0810291922397528
0.716609000724242
0.0794672826911137
0.171237659483765
0.68685252754824
0.671837848198479
0.0574407846670592
0.299944385423266
0.49134056506495
0.00735992545484224
0.36144722417126
0.376827161606034
0.0782181839160967
0.157706077463151
0.0166935939199385
0.00022318391888263
0.00214756565342273
0.171520027027028
0.673940192617053
0.00590604611387984
0.00490107845252663
0.549348577852825
0.49375704710904
0.00301243188793848
0.32222456972463
0.069054705355773
0.0517128712564871
1.19772895607652e-05
0.0819959362216423
0.348308126421643
0.0219477960759496
5.06578268995668e-06
0.0165818334755187
0.0140511602264015
0.0723008718348155
0.000270601185218329
0.000292239659577077
0.00182644602682314
0.0574345243244194
0.146053599334631
0.000332173344698769
0.770738069852239
0.000594558598937502
0.00160943731589515
0.222478071295407
0.0521684048823326
0.0407059167897513
0.0019206906512792
0.92274666144655
0.513416868865487
0.0289326514003777
0.00358398830412627
0.243537415989223
0.293237276892855
0.0303927433486177
0.914897930056278
7.62050439666735e-06
1.95981528376682e-07
0.948138873293688
0.111081920678635
0.975420516494986
0.130721609481348
0.496973663005754
0.0841946242506217
0.00101887327626746
0.110708330905674
2.35132531293669e-05
0.000536549781644177
0.0043259155670934
0.122302126858839
0.00200271807926177
0.296315125748104
0.000392207386629497
0.197211106256033
0.884213550246099
0.485491091963406
0.00041284381985279
0.317562962690404
0.90020404541594
0.000213074894487048
0.708858702942601
0.573126139281155
0.257972353711081
0.740024561555076
0.398673188951026
0.000282032722915545
5.11145559785906e-05
0.0201368622679064
0.00637997622333379
0.0688041820994277
0.0282641936221049
9.15611880542861e-06
0.000344905157563527
0.0119154288240826
0.000347395811830514
0.000506844417118029
0.218419922210168
0.516777846236916
0.890207008738053
7.29534443283364e-07
0.00140444150201589
0.391552210765372
0.940906976370116
0.0052927953455944
0.788069515199862
4.41310627561958e-05
0.229797749156807
0.000123498661851418
0.0488017254774755
8.48600788252692e-05
0.0344457970991001
0.0921734563168716
3.2996015869064e-08
0.0037737506918828
0.0784778000382979
0.19369363016987
0.97233125847033
0.148999769954295
1.10108242092538e-09
2.18805790418459e-08
0.0917716726044059
0.209524533873709
0.29689123514098
0.590710948650937
0.10497780610578
0.456118498896378
0.0111866374043425
0.0173034207821627
0.158601571158797
0.383897826010382
0.00290401895146847
0.0127510196194366
0.0908808477165709
0.412891293361111
0.814551043824431
0.0107397037180217
0.00123648460795423
0.00445377452603044
0.0726210946230029
0.00189919286896199
0.00197373518988738
0.801066359096526
0.396051263763698
0.0942311880851084
0.0658794949729351
1.99123052877422e-07
0.102883490108761
0.0873507102971423
0.933518275213653
0.101622183849019
0.0425486793659848
0.129669567192824
0.000883760468642782
0.624799254287902
0.402285079479503
9.7356040728756e-05
0.00639957689193493
0.465672615256675
0.664543424907621
2.28418400921825e-05
0.122638333452014
0.0012943700281819
0.562451394981944
0.366123611780045
0.08460884691695
0.0103788983000265
0.128022219285236
0.0145420140696699
0.060232470405057
8.93815630212249e-05
0.203422909007737
0.0679969342184156
0.975710966636014
0.90815462074589
0.423566223594866
0.28030264649684
1.83009064557034e-07
0.00887828684268381
0.725453139969291
0.0197706960354066
0.308380341773952
0.560948328601749
0.000278473138541338
0.449299192285688
0.00217968816646288
0.709556722946981
0.000400092344277854
0.430024893863048
0.835488900112078
0.587625972871342
1.62500582708341e-05
0.749534018353554
0.0588340877324565
0.636096484545118
0.0169635962996064
0.00119727933400352
0.202044314832549
0.0095297828880244
0.140817126330652
0.0573404997904714
0.0163732709837136
0.87318296122852
2.25765899461065e-05
0.812998301485466
0.00141138044365454
0.576372657799031
0.693018560785964
0.00745535226000802
0.869918611716391
1.4623067486504e-05
0.000161368986277203
0.086493965363981
0.0981404094551178
1.80402377919017e-07
0.156557307520237
0.000620868480780811
0.00205368580667061
0.00332494269035017
0.48719595313916
0.000140576471833495
0.0939904976974819
0.00790787669625551
0.0240253964669826
0.42986097264842
0.00313459264980741
0.58323940120872
0.932089243341805
0.0292282063673397
0.127012970447129
0.510133538542385
0.0506123825687413
0.031489676071628
0.677628172658465
0.00738696942630196
0.335351129080712
0.451630258121123
0.00459020229940628
0.560346930392777
0.00835239050548905
0.0152013674561547
0.951155588366263
0.00740685031122928
0.000197619841513124
1.28942030725391e-06
0.00378200974965933
0.0673615774674871
0.0106299283083715
0.759624560104407
0.0610656122488602
0.0216630689076869
0.0349401954862855
0.189381574697806
0.00180088667707903
0.379033855605251
0.524151320965664
0.00815920106503031
0.000418210023326082
0.0913799233146476
0.0171181761388946
0.00101902918046284
0.00727854265964499
0.00217325301296849
0.840451065649736
0.134919003798256
0.935096442862103
0.00925922225471981
7.77077521926801e-06
3.66319453574179e-09
0.261084341847304
0.00362395365461508
0.356488470640083
0.000396618564597128
0.818221138339614
0.000103587681932253
0.227528598380291
0.269833408430931
0.97686410623748
0.00426868301929423
0.491364960296477
0.750144674430159
0.175561370037386
0.198483757015408
0.282604240679365
0.0130106175384706
0.319893734608413
0.503109425905827
9.58794670891994e-08
0.0298449373225209
0.148314277033436
0.00376228527600083
0.657738222312258
0.1343628275206
0.0719573726783152
0.00320342259749617
0.537416586350654
0.457482698723873
0.000238732986763868
0.0457896163924076
0.205967875220542
0.0303820001252804
0.889982798247104
0.445199223970413
0.16713283139146
0.504004494880858
0.935017023733164
0.271683994691812
0.593222648144565
0.0260491672959945
0.312471328168673
0.00627587360512743
0.557783623204179
0.00631891286408231
0.0469023410832907
0.0263774042628165
0.220652524622671
0.50248402275555
0.00495485081143378
0.000245269861542503
0.0128878528329917
0.025750064103794
0.0155162080421376
0.719890957716381
0.00286202469301322
0.00218960849324267
0.00195488794072276
0.957733529507108
0.0539926970119529
0.157964375354908
2.12361722010747e-05
0.155487629491427
0.437217795139424
0.00708608396750198
0.708754097110527
